	150g	
t	y	
0.000	1.291
0.033	1.291
0.067	1.291
0.100	1.291
0.133	1.291
0.167	1.291
0.200	1.290
0.233	1.290
0.267	1.290
0.300	1.290
0.333	1.289
0.367	1.289
0.400	1.288
0.433	1.288
0.467	1.287
0.500	1.287
0.533	1.286
0.567	1.286
0.600	1.285
0.633	1.285
0.667	1.284
0.700	1.284
0.733	1.283
0.766	1.283
0.800	1.282
0.833	1.282
0.866	1.281
0.900	1.280
0.933	1.280
0.966	1.279
1.000	1.278
1.033	1.278
1.066	1.277
1.100	1.276
1.133	1.275
1.166	1.274
1.200	1.274
1.233	1.273
1.266	1.272
1.300	1.271
1.333	1.270
1.366	1.269
1.400	1.268
1.433	1.267
1.466	1.266
1.500	1.266
1.533	1.265
1.566	1.264
1.600	1.263
1.633	1.262
1.666	1.261
1.700	1.260
1.733	1.260
1.766	1.258
1.800	1.257
1.833	1.256
1.866	1.255
1.900	1.254
1.933	1.253
1.966	1.252
2.000	1.250
2.033	1.249
2.066	1.248
2.100	1.247
2.133	1.246
2.166	1.244
2.199	1.243
2.233	1.242
2.266	1.241
2.299	1.239
2.333	1.238
2.366	1.237
2.399	1.236
2.433	1.234
2.466	1.233
2.499	1.231
2.533	1.230
2.566	1.229
2.599	1.228
2.633	1.226
2.666	1.225
2.699	1.223
2.733	1.222
2.766	1.220
2.799	1.219
2.833	1.217
2.866	1.216
2.899	1.214
2.933	1.213
2.966	1.211
2.999	1.209
3.033	1.208
3.066	1.206
3.099	1.204
3.133	1.203
3.166	1.201
3.199	1.200
3.233	1.198
3.266	1.196
3.299	1.195
3.333	1.193
3.366	1.191
3.399	1.190
3.433	1.188
3.466	1.186
3.499	1.185
3.533	1.183
3.566	1.181
3.599	1.179
3.632	1.178
3.666	1.176
3.699	1.174
3.732	1.173
3.766	1.171
3.799	1.169
3.832	1.168
3.866	1.166
3.899	1.164
3.932	1.162
3.966	1.161
3.999	1.158
4.032	1.156
4.066	1.154
4.099	1.153
4.132	1.151
4.166	1.149
4.199	1.147
4.232	1.146
4.266	1.143
4.299	1.141
4.332	1.139
4.366	1.137
4.399	1.136
4.432	1.133
4.466	1.131
4.499	1.129
4.532	1.127
4.566	1.125
4.599	1.123
4.632	1.121
4.666	1.119
4.699	1.117
4.732	1.115
4.766	1.113
4.799	1.111
4.832	1.108
4.866	1.106
4.899	1.104
4.932	1.102
4.965	1.100
4.999	1.098
5.032	1.096
5.065	1.093
5.099	1.091
5.132	1.089
5.165	1.087
5.199	1.085
5.232	1.082
5.265	1.080
5.299	1.078
5.332	1.076
5.365	1.074
5.399	1.071
5.432	1.069
5.465	1.067
5.499	1.065
5.532	1.062
5.565	1.060
5.599	1.058
5.632	1.055
5.665	1.053
5.699	1.051
5.732	1.048
5.765	1.046
5.799	1.044
5.832	1.041
5.865	1.039
5.899	1.036
5.932	1.034
5.965	1.032
5.999	1.029
6.032	1.027
6.065	1.025
6.099	1.022
6.132	1.020
6.165	1.017
6.199	1.015
6.232	1.012
6.265	1.010
6.299	1.008
6.332	1.005
6.365	1.003
6.398	1.000
6.432	0.998
6.465	0.995
6.498	0.993
6.532	0.990
6.565	0.988
6.598	0.985
6.632	0.983
6.665	0.980
6.698	0.978
6.732	0.975
6.765	0.973
6.798	0.970
6.832	0.967
6.865	0.965
6.898	0.962
6.932	0.960
6.965	0.957
6.998	0.955
7.032	0.952
7.065	0.950
7.098	0.947
7.132	0.944
7.165	0.942
7.198	0.939
7.232	0.936
7.265	0.934
7.298	0.931
7.332	0.928
7.365	0.926
7.398	0.923
7.432	0.921
7.465	0.918
7.498	0.915
7.532	0.912
7.565	0.910
7.598	0.907
7.632	0.904
7.665	0.902
7.698	0.899
7.732	0.896
7.765	0.894
7.798	0.891
7.831	0.888
7.865	0.885
7.898	0.882
7.931	0.880
7.965	0.877
7.998	0.874
8.031	0.871
8.065	0.869
8.098	0.866
8.131	0.863
8.165	0.860
8.198	0.858
8.231	0.855
8.265	0.852
8.298	0.849
8.331	0.846
8.365	0.843
8.398	0.841
8.431	0.838
8.465	0.835
8.498	0.832
8.531	0.830
8.565	0.827
8.598	0.824
8.631	0.821
8.665	0.818
8.698	0.815
8.731	0.813
8.765	0.810
8.798	0.807
8.831	0.804
8.865	0.801
8.898	0.798
8.931	0.795
8.965	0.793
8.998	0.790
9.031	0.787
9.065	0.784
9.098	0.781
9.131	0.778
9.165	0.775
9.198	0.772
9.231	0.769
9.264	0.766
9.298	0.763
9.331	0.760
9.364	0.757
9.398	0.754
9.431	0.751
9.464	0.748
9.498	0.745
9.531	0.742
9.564	0.739
9.598	0.736
9.631	0.733
9.664	0.730
9.698	0.727
9.731	0.724
9.764	0.721
9.798	0.718
9.831	0.715
9.864	0.712
9.898	0.709
9.931	0.706
9.964	0.703
9.998	0.700
10.031	0.697
10.064	0.694
10.098	0.692
10.131	0.688
10.164	0.686
10.198	0.683
10.231	0.679
10.264	0.676
10.298	0.674
10.331	0.671
10.364	0.668
10.398	0.665
10.431	0.662
10.464	0.659
10.498	0.656
10.531	0.653
10.564	0.650
10.598	0.647
10.631	0.643
10.664	0.641
10.697	0.638
10.731	0.634
10.764	0.631
10.797	0.628
10.831	0.625
10.864	0.622
10.897	0.619
10.931	0.616
10.964	0.613
10.997	0.610
11.031	0.606
11.064	0.603
11.097	0.600
11.131	0.597
11.164	0.594
11.197	0.591
11.231	0.587
11.264	0.584
11.297	0.581
11.331	0.578
11.364	0.575
11.397	0.572
11.431	0.568
11.464	0.565
11.497	0.562
11.531	0.559
11.564	0.556
11.597	0.553
11.631	0.550
11.664	0.547
11.697	0.543
11.731	0.540
11.764	0.537
11.797	0.534
11.831	0.531
11.864	0.528
11.897	0.525
11.931	0.522
11.964	0.519
11.997	0.516
12.031	0.513
12.064	0.509
12.097	0.506
12.130	0.503
12.164	0.500
12.197	0.497
12.230	0.494
12.264	0.491
12.297	0.488
12.330	0.484
12.364	0.481
12.397	0.478
12.430	0.475
12.464	0.472
12.497	0.469
12.530	0.465
12.564	0.462
12.597	0.459
12.630	0.456
12.664	0.453
12.697	0.449
12.730	0.446
12.764	0.443
12.797	0.439
12.830	0.436
12.864	0.433
12.897	0.429
12.930	0.426
12.964	0.423
12.997	0.419
13.030	0.416
13.064	0.413
13.097	0.409
13.130	0.406
13.164	0.403
13.197	0.399
13.230	0.396
13.264	0.393
13.297	0.389
13.330	0.386
13.364	0.383
13.397	0.379
13.430	0.376
13.463	0.373
13.497	0.369
13.530	0.366
13.563	0.363
13.597	0.360
13.630	0.357
13.663	0.353
13.697	0.350
