	mass A	
t	y	
0.000	1.615
0.033	1.615
0.067	1.615
0.100	1.615
0.133	1.615
0.167	1.615
0.200	1.615
0.233	1.615
0.267	1.615
0.300	1.615
0.333	1.615
0.367	1.615
0.400	1.615
0.433	1.615
0.467	1.615
0.500	1.615
0.533	1.615
0.567	1.615
0.600	1.615
0.633	1.615
0.667	1.615
0.700	1.615
0.733	1.615
0.766	1.615
0.800	1.615
0.833	1.615
0.866	1.615
0.900	1.615
0.933	1.615
0.966	1.615
1.000	1.615
1.033	1.615
1.066	1.615
1.100	1.615
1.133	1.615
1.166	1.615
1.200	1.615
1.233	1.615
1.266	1.615
1.300	1.615
1.333	1.615
1.366	1.614
1.400	1.614
1.433	1.614
1.466	1.614
1.500	1.614
1.533	1.614
1.566	1.614
1.600	1.613
1.633	1.613
1.666	1.613
1.700	1.613
1.733	1.613
1.766	1.613
1.800	1.613
1.833	1.612
1.866	1.612
1.900	1.612
1.933	1.612
1.966	1.612
2.000	1.611
2.033	1.611
2.066	1.611
2.100	1.611
2.133	1.610
2.166	1.610
2.199	1.610
2.233	1.609
2.266	1.609
2.299	1.609
2.333	1.609
2.366	1.608
2.399	1.608
2.433	1.608
2.466	1.607
2.499	1.607
2.533	1.607
2.566	1.606
2.599	1.606
2.633	1.606
2.666	1.606
2.699	1.605
2.733	1.605
2.766	1.604
2.799	1.604
2.833	1.603
2.866	1.603
2.899	1.603
2.933	1.602
2.966	1.602
2.999	1.601
3.033	1.601
3.066	1.601
3.099	1.600
3.133	1.600
3.166	1.599
3.199	1.599
3.233	1.599
3.266	1.598
3.299	1.597
3.333	1.597
3.366	1.596
3.399	1.596
3.433	1.595
3.466	1.595
3.499	1.594
3.533	1.594
3.566	1.593
3.599	1.593
3.632	1.592
3.666	1.592
3.699	1.591
3.732	1.591
3.766	1.590
3.799	1.589
3.832	1.589
3.866	1.588
3.899	1.588
3.932	1.587
3.966	1.586
3.999	1.586
4.032	1.585
4.066	1.584
4.099	1.584
4.132	1.583
4.166	1.582
4.199	1.582
4.232	1.581
4.266	1.580
4.299	1.580
4.332	1.579
4.366	1.579
4.399	1.578
4.432	1.577
4.466	1.577
4.499	1.576
4.532	1.575
4.566	1.574
4.599	1.574
4.632	1.573
4.666	1.572
4.699	1.572
4.732	1.571
4.766	1.570
4.799	1.569
4.832	1.568
4.866	1.568
4.899	1.567
4.932	1.566
4.965	1.565
4.999	1.564
5.032	1.564
5.065	1.563
5.099	1.562
5.132	1.562
5.165	1.561
5.199	1.560
5.232	1.559
5.265	1.558
5.299	1.558
5.332	1.557
5.365	1.556
5.399	1.555
5.432	1.554
5.465	1.554
5.499	1.553
5.532	1.552
5.565	1.551
5.599	1.550
5.632	1.550
5.665	1.549
5.699	1.548
5.732	1.547
5.765	1.546
5.799	1.545
5.832	1.544
5.865	1.543
5.899	1.543
5.932	1.542
5.965	1.541
5.999	1.540
6.032	1.539
6.065	1.538
6.099	1.537
6.132	1.536
6.165	1.535
6.199	1.534
6.232	1.533
6.265	1.532
6.299	1.531
6.332	1.530
6.365	1.530
6.398	1.528
6.432	1.527
6.465	1.526
6.498	1.525
6.532	1.524
6.565	1.523
6.598	1.522
6.632	1.521
6.665	1.520
6.698	1.519
6.732	1.518
6.765	1.517
6.798	1.516
6.832	1.515
6.865	1.514
6.898	1.513
6.932	1.512
6.965	1.511
6.998	1.510
7.032	1.509
7.065	1.507
7.098	1.506
7.132	1.505
7.165	1.504
7.198	1.503
7.232	1.502
7.265	1.501
7.298	1.500
7.332	1.498
7.365	1.497
7.398	1.496
7.432	1.495
7.465	1.494
7.498	1.493
7.532	1.492
7.565	1.490
7.598	1.489
7.632	1.488
7.665	1.487
7.698	1.486
7.732	1.484
7.765	1.483
7.798	1.482
7.831	1.481
7.865	1.480
7.898	1.478
7.931	1.478
7.965	1.476
7.998	1.475
8.031	1.474
8.065	1.473
8.098	1.471
8.131	1.470
8.165	1.468
8.198	1.468
8.231	1.466
8.265	1.465
8.298	1.463
8.331	1.463
8.365	1.461
8.398	1.460
8.431	1.458
8.465	1.457
8.498	1.456
8.531	1.455
8.565	1.453
8.598	1.452
8.631	1.450
8.665	1.450
8.698	1.448
8.731	1.447
8.765	1.445
8.798	1.444
8.831	1.442
8.865	1.442
8.898	1.440
8.931	1.439
8.965	1.437
8.998	1.435
9.031	1.434
9.065	1.432
9.098	1.432
9.131	1.430
9.165	1.429
9.198	1.427
9.231	1.426
9.264	1.424
9.298	1.423
9.331	1.422
9.364	1.421
9.398	1.419
9.431	1.418
9.464	1.416
9.498	1.414
9.531	1.413
9.564	1.411
9.598	1.410
9.631	1.408
9.664	1.407
9.698	1.406
9.731	1.404
9.764	1.403
9.798	1.401
9.831	1.399
9.864	1.398
9.898	1.396
9.931	1.395
9.964	1.393
9.998	1.392
10.031	1.390
10.064	1.388
10.098	1.387
10.131	1.385
10.164	1.383
10.198	1.383
10.231	1.381
10.264	1.380
10.298	1.378
10.331	1.377
10.364	1.375
10.398	1.374
10.431	1.372
10.464	1.370
10.498	1.368
10.531	1.367
10.564	1.365
10.598	1.363
10.631	1.362
10.664	1.360
10.697	1.359
10.731	1.357
10.764	1.355
10.797	1.354
10.831	1.352
10.864	1.350
10.897	1.349
10.931	1.347
10.964	1.345
10.997	1.344
11.031	1.342
11.064	1.341
11.097	1.339
11.131	1.337
11.164	1.336
11.197	1.334
11.231	1.332
11.264	1.331
11.297	1.329
11.331	1.328
11.364	1.326
11.397	1.324
11.431	1.323
11.464	1.321
11.497	1.319
11.531	1.318
11.564	1.316
11.597	1.313
11.631	1.311
11.664	1.310
11.697	1.308
11.731	1.306
11.764	1.305
11.797	1.303
11.831	1.302
11.864	1.300
11.897	1.298
11.931	1.297
11.964	1.295
11.997	1.292
12.031	1.290
12.064	1.288
12.097	1.287
12.130	1.285
12.164	1.284
12.197	1.282
12.230	1.280
12.264	1.277
12.297	1.276
12.330	1.274
12.364	1.272
12.397	1.270
12.430	1.269
12.464	1.267
12.497	1.265
12.530	1.264
12.564	1.262
12.597	1.259
12.630	1.258
12.664	1.256
12.697	1.254
12.730	1.252
12.764	1.251
12.797	1.249
12.830	1.247
12.864	1.245
12.897	1.243
12.930	1.241
12.964	1.239
12.997	1.238
13.030	1.236
13.064	1.233
13.097	1.231
13.130	1.230
13.164	1.228
13.197	1.226
13.230	1.223
13.264	1.222
13.297	1.220
13.330	1.218
13.364	1.215
13.397	1.213
13.430	1.212
13.464	1.209
13.497	1.207
13.530	1.205
13.563	1.203
13.597	1.201
13.630	1.199
13.663	1.197
13.697	1.195
13.730	1.193
13.763	1.192
13.797	1.189
13.830	1.187
13.863	1.186
13.897	1.183
13.930	1.181
13.963	1.179
13.997	1.178
14.030	1.175
14.063	1.173
14.097	1.171
14.130	1.169
14.163	1.168
14.197	1.166
14.230	1.163
14.263	1.161
14.297	1.160
14.330	1.158
14.363	1.155
14.397	1.153
14.430	1.151
14.463	1.149
14.497	1.147
14.530	1.145
14.563	1.142
14.597	1.140
14.630	1.139
14.663	1.136
14.697	1.134
14.730	1.132
14.763	1.130
14.797	1.127
14.830	1.126
14.863	1.123
14.896	1.120
14.930	1.118
14.963	1.116
14.996	1.113
15.030	1.111
15.063	1.107
15.096	1.105
15.130	1.104
15.163	1.101
15.196	1.099
15.230	1.096
15.263	1.095
15.296	1.093
15.330	1.091
15.363	1.088
15.396	1.086
15.430	1.084
15.463	1.082
15.496	1.080
15.530	1.078
15.563	1.075
15.596	1.073
15.630	1.072
15.663	1.068
15.696	1.067
15.730	1.064
15.763	1.062
15.796	1.060
15.830	1.057
15.863	1.055
15.896	1.054
15.930	1.051
15.963	1.049
15.996	1.046
16.030	1.044
16.063	1.042
16.096	1.039
16.130	1.037
16.163	1.034
16.196	1.032
16.230	1.029
16.263	1.027
16.296	1.024
16.329	1.023
16.363	1.019
16.396	1.018
16.429	1.014
16.463	1.013
16.496	1.010
16.529	1.008
16.563	1.006
16.596	1.003
16.629	1.001
16.663	0.998
16.696	0.996
16.729	0.996
16.763	0.991
16.796	0.990
16.829	0.988
16.863	0.988
16.896	0.984
16.929	0.982
16.963	0.980
16.996	0.979
17.029	0.977
17.063	0.972
17.096	0.970
17.129	0.969
17.163	0.966
17.196	0.964
17.229	0.961
17.263	0.959
17.296	0.958
17.329	0.954
17.363	0.951
17.396	0.949
17.429	0.947
17.463	0.944
17.496	0.942
17.529	0.940
17.563	0.937
17.596	0.935
17.629	0.932
17.663	0.930
17.696	0.927
17.729	0.924
17.762	0.921
17.796	0.918
17.829	0.917
17.862	0.914
17.896	0.913
17.929	0.910
17.962	0.908
17.996	0.904
18.029	0.901
18.062	0.899
18.096	0.896
18.129	0.893
18.162	0.891
18.196	0.889
18.229	0.887
18.262	0.884
18.296	0.881
18.329	0.878
18.362	0.876
18.396	0.874
18.429	0.871
18.462	0.868
18.496	0.866
18.529	0.863
18.562	0.860
18.596	0.858
18.629	0.855
18.662	0.852
18.696	0.848
18.729	0.847
18.762	0.843
18.796	0.840
18.829	0.838
18.862	0.836
18.896	0.833
18.929	0.831
18.962	0.829
18.996	0.826
19.029	0.824
19.062	0.821
19.096	0.819
19.129	0.816
19.162	0.813
19.195	0.810
19.229	0.807
19.262	0.805
19.295	0.802
19.329	0.799
19.362	0.797
19.395	0.794
19.429	0.791
19.462	0.788
19.495	0.786
19.529	0.784
19.562	0.781
19.595	0.778
19.629	0.775
19.662	0.773
19.695	0.770
19.729	0.768
19.762	0.765
19.795	0.763
19.829	0.760
19.862	0.757
19.895	0.754
19.929	0.752
19.962	0.749
19.995	0.746
20.029	0.744
20.062	0.741
20.095	0.738
20.129	0.735
20.162	0.732
20.195	0.730
20.229	0.727
20.262	0.725
20.295	0.722
20.329	0.719
20.362	0.716
20.395	0.714
20.429	0.711
20.462	0.708
20.495	0.706
20.529	0.703
20.562	0.701
20.595	0.698
20.628	0.695
20.662	0.692
20.695	0.690
20.728	0.687
20.762	0.685
20.795	0.682
20.828	0.679
20.862	0.675
20.895	0.673
20.928	0.669
20.962	0.667
20.995	0.664
21.028	0.663
21.062	0.666
21.095	0.663
21.128	0.664
