	mass A	
t	y	
0.000	1.506
0.033	1.506
0.067	1.506
0.100	1.506
0.133	1.506
0.167	1.506
0.200	1.506
0.233	1.506
0.267	1.506
0.300	1.506
0.333	1.506
0.367	1.506
0.400	1.506
0.433	1.506
0.467	1.506
0.500	1.506
0.533	1.506
0.567	1.506
0.600	1.506
0.633	1.506
0.667	1.506
0.700	1.506
0.733	1.506
0.766	1.506
0.800	1.506
0.833	1.506
0.866	1.506
0.900	1.506
0.933	1.506
0.966	1.506
1.000	1.506
1.033	1.506
1.066	1.506
1.100	1.506
1.133	1.504
1.166	1.504
1.200	1.504
1.233	1.504
1.266	1.504
1.300	1.504
1.333	1.504
1.366	1.504
1.400	1.503
1.433	1.503
1.466	1.503
1.500	1.503
1.533	1.503
1.566	1.503
1.600	1.502
1.633	1.502
1.666	1.501
1.700	1.501
1.733	1.501
1.766	1.499
1.800	1.499
1.833	1.498
1.866	1.498
1.900	1.497
1.933	1.497
1.966	1.497
2.000	1.497
2.033	1.496
2.066	1.497
2.100	1.496
2.133	1.496
2.166	1.496
2.199	1.496
2.233	1.496
2.266	1.495
2.299	1.495
2.333	1.494
2.366	1.494
2.399	1.494
2.433	1.493
2.466	1.493
2.499	1.492
2.533	1.492
2.566	1.492
2.599	1.492
2.633	1.491
2.666	1.491
2.699	1.491
2.733	1.490
2.766	1.490
2.799	1.490
2.833	1.489
2.866	1.489
2.899	1.488
2.933	1.488
2.966	1.487
2.999	1.487
3.033	1.487
3.066	1.486
3.099	1.486
3.133	1.486
3.166	1.484
3.199	1.484
3.233	1.484
3.266	1.483
3.299	1.483
3.333	1.482
3.366	1.482
3.399	1.483
3.433	1.482
3.466	1.481
3.499	1.481
3.533	1.479
3.566	1.479
3.599	1.478
3.632	1.478
3.666	1.477
3.699	1.477
3.732	1.477
3.766	1.476
3.799	1.475
3.832	1.475
3.866	1.474
3.899	1.474
3.932	1.473
3.966	1.472
3.999	1.472
4.032	1.472
4.066	1.471
4.099	1.471
4.132	1.470
4.166	1.470
4.199	1.469
4.232	1.468
4.266	1.468
4.299	1.467
4.332	1.466
4.366	1.466
4.399	1.465
4.432	1.465
4.466	1.463
4.499	1.463
4.532	1.462
4.566	1.462
4.599	1.461
4.632	1.460
4.666	1.459
4.699	1.459
4.732	1.459
4.766	1.458
4.799	1.457
4.832	1.456
4.866	1.455
4.899	1.455
4.932	1.454
4.965	1.453
4.999	1.453
5.032	1.452
5.065	1.451
5.099	1.450
5.132	1.449
5.165	1.449
5.199	1.448
5.232	1.448
5.265	1.447
5.299	1.446
5.332	1.446
5.365	1.445
5.399	1.444
5.432	1.444
5.465	1.443
5.499	1.442
5.532	1.442
5.565	1.441
5.599	1.441
5.632	1.439
5.665	1.439
5.699	1.438
5.732	1.437
5.765	1.437
5.799	1.436
5.832	1.435
5.865	1.434
5.899	1.433
5.932	1.433
5.965	1.432
5.999	1.431
6.032	1.431
6.065	1.431
6.099	1.429
6.132	1.429
6.165	1.427
6.199	1.427
6.232	1.426
6.265	1.426
6.299	1.424
6.332	1.424
6.365	1.423
6.398	1.422
6.432	1.422
6.465	1.421
6.498	1.421
6.532	1.419
6.565	1.419
6.598	1.417
6.632	1.417
6.665	1.416
6.698	1.416
6.732	1.414
6.765	1.414
6.798	1.412
6.832	1.412
6.865	1.411
6.898	1.410
6.932	1.409
6.965	1.409
6.998	1.407
7.032	1.407
7.065	1.406
7.098	1.406
7.132	1.404
7.165	1.404
7.198	1.402
7.232	1.402
7.265	1.401
7.298	1.401
7.332	1.399
7.365	1.399
7.398	1.397
7.432	1.397
7.465	1.396
7.498	1.395
7.532	1.394
7.565	1.393
7.598	1.392
7.632	1.391
7.665	1.390
7.698	1.389
7.732	1.389
7.765	1.387
7.798	1.387
7.831	1.386
7.865	1.385
7.898	1.384
7.931	1.383
7.965	1.384
7.998	1.381
8.031	1.381
8.065	1.380
8.098	1.379
8.131	1.378
8.165	1.377
8.198	1.376
8.231	1.375
8.265	1.374
8.298	1.373
8.331	1.372
8.365	1.371
8.398	1.371
8.431	1.369
8.465	1.369
8.498	1.367
8.531	1.367
8.565	1.366
8.598	1.365
8.631	1.364
8.665	1.363
8.698	1.362
8.731	1.361
8.765	1.360
8.798	1.359
8.831	1.358
8.865	1.357
8.898	1.356
8.931	1.355
8.965	1.354
8.998	1.353
9.031	1.352
9.065	1.351
9.098	1.350
9.131	1.350
9.165	1.349
9.198	1.349
9.231	1.347
9.264	1.346
9.298	1.345
9.331	1.344
9.364	1.343
9.398	1.342
9.431	1.342
9.464	1.340
9.498	1.339
9.531	1.338
9.564	1.337
9.598	1.336
9.631	1.335
9.664	1.334
9.698	1.333
9.731	1.332
9.764	1.331
9.798	1.330
9.831	1.329
9.864	1.328
9.898	1.327
9.931	1.326
9.964	1.325
9.998	1.324
10.031	1.323
10.064	1.322
10.098	1.321
10.131	1.320
10.164	1.319
10.198	1.318
10.231	1.317
10.264	1.316
10.298	1.314
10.331	1.314
10.364	1.312
10.398	1.311
10.431	1.310
10.464	1.309
10.498	1.308
10.531	1.307
10.564	1.306
10.598	1.305
10.631	1.304
10.664	1.303
10.697	1.302
10.731	1.301
10.764	1.300
10.797	1.299
10.831	1.297
10.864	1.297
10.897	1.296
10.931	1.294
10.964	1.294
10.997	1.292
11.031	1.291
11.064	1.290
11.097	1.289
11.131	1.288
11.164	1.287
11.197	1.286
11.231	1.284
11.264	1.284
11.297	1.282
11.331	1.281
11.364	1.280
11.397	1.279
11.431	1.278
11.464	1.277
11.497	1.276
11.531	1.275
11.564	1.274
11.597	1.272
11.631	1.271
11.664	1.270
11.697	1.269
11.731	1.268
11.764	1.267
11.797	1.266
11.831	1.264
11.864	1.264
11.897	1.262
11.931	1.261
11.964	1.260
11.997	1.259
12.031	1.258
12.064	1.257
12.097	1.256
12.130	1.255
12.164	1.254
12.197	1.252
12.230	1.251
12.264	1.250
12.297	1.249
12.330	1.248
12.364	1.247
12.397	1.246
12.430	1.245
12.464	1.243
12.497	1.242
12.530	1.241
12.564	1.240
12.597	1.239
12.630	1.238
12.664	1.237
12.697	1.235
12.730	1.234
12.764	1.233
12.797	1.232
12.830	1.231
12.864	1.230
12.897	1.228
12.930	1.227
12.964	1.226
12.997	1.225
13.030	1.224
13.064	1.222
13.097	1.221
13.130	1.220
13.164	1.219
13.197	1.218
13.230	1.217
13.264	1.215
13.297	1.215
13.330	1.213
13.364	1.212
13.397	1.211
13.430	1.210
13.464	1.208
13.497	1.207
13.530	1.206
13.563	1.205
13.597	1.203
13.630	1.202
13.663	1.201
13.697	1.200
13.730	1.198
13.763	1.198
13.797	1.196
13.830	1.195
13.863	1.194
13.897	1.193
13.930	1.192
13.963	1.190
13.997	1.189
14.030	1.188
14.063	1.187
14.097	1.185
14.130	1.184
14.163	1.183
14.197	1.182
14.230	1.181
14.263	1.180
14.297	1.178
14.330	1.178
14.363	1.176
14.397	1.175
14.430	1.173
14.463	1.172
14.497	1.171
14.530	1.170
14.563	1.169
14.597	1.168
14.630	1.166
14.663	1.165
14.697	1.164
14.730	1.163
14.763	1.161
14.797	1.160
14.830	1.159
14.863	1.158
14.896	1.157
14.930	1.155
14.963	1.154
14.996	1.153
15.030	1.151
15.063	1.151
15.096	1.149
15.130	1.148
15.163	1.147
15.196	1.146
15.230	1.145
15.263	1.143
15.296	1.142
15.330	1.141
15.363	1.140
15.396	1.138
15.430	1.137
15.463	1.136
15.496	1.135
15.530	1.133
15.563	1.132
15.596	1.131
15.630	1.130
15.663	1.128
15.696	1.127
15.730	1.126
15.763	1.125
15.796	1.124
15.830	1.122
15.863	1.121
15.896	1.120
15.930	1.119
15.963	1.117
15.996	1.116
16.030	1.115
16.063	1.114
16.096	1.112
16.130	1.111
16.163	1.110
16.196	1.109
16.230	1.107
16.263	1.106
16.296	1.105
16.329	1.104
16.363	1.102
16.396	1.101
16.429	1.100
16.463	1.098
16.496	1.097
16.529	1.096
16.563	1.095
16.596	1.093
16.629	1.092
16.663	1.091
16.696	1.090
16.729	1.088
16.763	1.086
16.796	1.085
16.829	1.084
16.863	1.082
16.896	1.081
16.929	1.079
16.963	1.079
16.996	1.078
17.029	1.076
17.063	1.074
17.096	1.074
17.129	1.072
17.163	1.071
17.196	1.069
17.229	1.068
17.263	1.067
17.296	1.066
17.329	1.064
17.363	1.063
17.396	1.062
17.429	1.061
17.463	1.059
17.496	1.058
17.529	1.056
17.563	1.054
17.596	1.054
17.629	1.053
17.663	1.051
17.696	1.049
17.729	1.049
17.762	1.048
17.796	1.046
17.829	1.044
17.862	1.043
17.896	1.043
17.929	1.041
17.962	1.039
17.996	1.038
18.029	1.037
18.062	1.036
18.096	1.034
18.129	1.033
18.162	1.031
18.196	1.031
18.229	1.029
18.262	1.028
18.296	1.026
18.329	1.024
18.362	1.024
18.396	1.022
18.429	1.021
18.462	1.019
18.496	1.018
18.529	1.017
18.562	1.016
18.596	1.014
18.629	1.013
18.662	1.012
18.696	1.011
18.729	1.009
18.762	1.008
18.796	1.006
18.829	1.005
18.862	1.004
18.896	1.002
18.929	1.001
18.962	1.000
18.996	0.999
19.029	0.997
19.062	0.996
19.096	0.994
19.129	0.994
19.162	0.992
19.195	0.991
19.229	0.989
19.262	0.988
19.295	0.987
19.329	0.986
19.362	0.984
19.395	0.982
19.429	0.982
19.462	0.980
19.495	0.979
19.529	0.977
19.562	0.976
19.595	0.975
19.629	0.974
19.662	0.972
19.695	0.971
19.729	0.969
19.762	0.969
19.795	0.967
19.829	0.966
19.862	0.964
19.895	0.963
19.929	0.962
19.962	0.960
19.995	0.959
20.029	0.957
20.062	0.957
20.095	0.955
20.129	0.954
20.162	0.952
20.195	0.952
20.229	0.950
20.262	0.949
20.295	0.947
20.329	0.946
20.362	0.945
20.395	0.944
20.429	0.942
20.462	0.941
20.495	0.940
20.529	0.939
20.562	0.937
20.595	0.935
20.628	0.935
20.662	0.934
20.695	0.932
20.728	0.930
20.762	0.929
20.795	0.929
20.828	0.927
20.862	0.925
20.895	0.924
20.928	0.922
20.962	0.922
20.995	0.920
21.028	0.919
21.062	0.917
21.095	0.915
21.128	0.915
21.162	0.914
21.195	0.912
21.228	0.910
21.262	0.910
21.295	0.909
21.328	0.907
21.362	0.905
21.395	0.905
21.428	0.903
21.462	0.902
21.495	0.900
21.528	0.898
21.562	0.897
21.595	0.895
21.628	0.895
21.662	0.893
21.695	0.892
21.728	0.890
21.762	0.889
21.795	0.888
21.828	0.887
21.862	0.885
21.895	0.884
21.928	0.882
21.962	0.881
21.995	0.879
22.028	0.878
22.061	0.877
22.095	0.875
22.128	0.874
22.161	0.873
22.195	0.871
22.228	0.870
22.261	0.869
22.295	0.867
22.328	0.866
22.361	0.865
22.395	0.864
22.428	0.862
22.461	0.861
22.495	0.859
22.528	0.858
22.561	0.856
22.595	0.855
22.628	0.854
22.661	0.853
22.695	0.851
22.728	0.850
22.761	0.849
22.795	0.847
22.828	0.846
22.861	0.844
22.895	0.843
22.928	0.842
22.961	0.840
22.995	0.839
23.028	0.838
23.061	0.836
23.095	0.835
23.128	0.834
23.161	0.832
23.195	0.831
23.228	0.829
23.261	0.828
23.295	0.827
23.328	0.826
23.361	0.825
23.394	0.823
23.428	0.822
23.461	0.821
23.494	0.820
23.528	0.819
23.561	0.817
23.594	0.815
23.628	0.813
23.661	0.811
23.694	0.810
23.728	0.808
23.761	0.807
23.794	0.805
23.828	0.805
23.861	0.803
23.894	0.801
23.928	0.800
23.961	0.799
23.994	0.798
24.028	0.796
24.061	0.795
24.094	0.793
24.128	0.792
24.161	0.791
24.194	0.790
24.228	0.788
24.261	0.787
24.294	0.785
24.328	0.784
24.361	0.783
24.394	0.781
24.428	0.780
24.461	0.778
24.494	0.778
24.528	0.776
24.561	0.775
24.594	0.773
24.628	0.772
24.661	0.770
24.694	0.769
24.728	0.768
24.761	0.766
24.794	0.765
24.827	0.765
24.861	0.763
24.894	0.761
24.927	0.760
24.961	0.758
24.994	0.758
25.027	0.756
25.061	0.755
25.094	0.753
25.127	0.751
25.161	0.751
25.194	0.750
25.227	0.748
25.261	0.746
25.294	0.745
25.327	0.745
25.361	0.743
25.394	0.741
25.427	0.740
25.461	0.738
25.494	0.736
25.527	0.736
25.561	0.734
25.594	0.733
25.627	0.731
25.661	0.731
25.694	0.730
25.727	0.728
25.761	0.726
25.794	0.725
25.827	0.723
25.861	0.723
25.894	0.721
25.927	0.719
25.961	0.718
25.994	0.716
26.027	0.715
26.061	0.714
26.094	0.713
26.127	0.711
26.161	0.710
26.194	0.708
26.227	0.708
26.260	0.706
26.294	0.704
26.327	0.703
26.360	0.701
26.394	0.700
26.427	0.699
26.460	0.698
26.494	0.696
26.527	0.695
26.560	0.693
26.594	0.692
26.627	0.691
26.660	0.689
26.694	0.688
26.727	0.686
26.760	0.686
26.794	0.684
26.827	0.683
26.860	0.681
26.894	0.679
26.927	0.678
26.960	0.678
26.994	0.676
27.027	0.674
27.060	0.673
27.094	0.671
27.127	0.671
27.160	0.669
27.194	0.668
27.227	0.666
27.260	0.664
27.294	0.663
27.327	0.662
27.360	0.661
27.394	0.659
27.427	0.658
27.460	0.656
27.494	0.656
27.527	0.654
27.560	0.653
27.594	0.651
27.627	0.650
27.660	0.649
27.693	0.647
27.727	0.646
27.760	0.644
27.793	0.644
27.827	0.642
27.860	0.641
27.893	0.639
27.927	0.638
27.960	0.637
27.993	0.635
28.027	0.634
28.060	0.632
28.093	0.632
28.127	0.630
28.160	0.628
28.193	0.627
28.227	0.626
28.260	0.625
28.293	0.623
28.327	0.621
28.360	0.620
28.393	0.619
28.427	0.617
28.460	0.616
28.493	0.615
28.527	0.613
28.560	0.611
28.593	0.611
28.627	0.610
28.660	0.608
28.693	0.606
28.727	0.605
28.760	0.604
28.793	0.602
28.827	0.601
28.860	0.599
28.893	0.598
28.927	0.597
28.960	0.595
28.993	0.594
29.027	0.593
29.060	0.591
29.093	0.590
29.126	0.588
29.160	0.587
29.193	0.586
29.226	0.584
29.260	0.583
29.293	0.582
29.326	0.580
29.360	0.579
29.393	0.577
29.426	0.576
29.460	0.575
29.493	0.573
29.526	0.572
29.560	0.571
29.593	0.569
29.626	0.568
29.660	0.566
29.693	0.565
29.726	0.564
29.760	0.563
29.793	0.561
29.826	0.560
29.860	0.558
29.893	0.557
29.926	0.556
29.960	0.555
29.993	0.553
30.026	0.551
30.060	0.551
30.093	0.549
30.126	0.547
30.160	0.546
30.193	0.544
30.226	0.543
30.260	0.542
30.293	0.540
