	mass C	
t	y	
0.000	1.800
0.033	1.800
0.067	1.800
0.100	1.800
0.133	1.800
0.167	1.800
0.200	1.800
0.233	1.800
0.267	1.800
0.300	1.800
0.333	1.800
0.367	1.800
0.400	1.800
0.433	1.800
0.467	1.800
0.500	1.800
0.533	1.800
0.567	1.800
0.600	1.800
0.633	1.800
0.667	1.800
0.700	1.800
0.733	1.800
0.767	1.800
0.800	1.800
0.833	1.800
0.867	1.800
0.900	1.800
0.933	1.800
0.967	1.800
1.000	1.800
1.033	1.800
1.067	1.800
1.100	1.800
1.133	1.800
1.167	1.800
1.200	1.800
1.233	1.800
1.267	1.800
1.300	1.800
1.333	1.800
1.367	1.800
1.400	1.800
1.433	1.800
1.467	1.800
1.500	1.800
1.533	1.800
1.567	1.800
1.600	1.800
1.633	1.800
1.667	1.800
1.700	1.800
1.733	1.800
1.767	1.800
1.800	1.800
1.833	1.800
1.867	1.800
1.900	1.800
1.933	1.800
1.967	1.800
2.000	1.800
2.033	1.800
2.067	1.800
2.100	1.800
2.133	1.800
2.167	1.800
2.200	1.800
2.233	1.800
2.267	1.800
2.300	1.800
2.333	1.800
2.367	1.800
2.400	1.800
2.433	1.800
2.467	1.800
2.500	1.800
2.533	1.800
2.567	1.800
2.600	1.800
2.633	1.800
2.667	1.798
2.700	1.798
2.733	1.798
2.767	1.798
2.800	1.798
2.833	1.798
2.867	1.798
2.900	1.798
2.933	1.797
2.967	1.797
3.000	1.797
3.033	1.797
3.067	1.797
3.100	1.796
3.133	1.796
3.167	1.796
3.200	1.796
3.233	1.795
3.267	1.795
3.300	1.795
3.333	1.795
3.367	1.795
3.400	1.794
3.433	1.793
3.467	1.793
3.500	1.793
3.533	1.793
3.567	1.792
3.600	1.792
3.633	1.792
3.667	1.792
3.700	1.792
3.733	1.791
3.767	1.791
3.800	1.790
3.833	1.790
3.867	1.790
3.900	1.789
3.933	1.788
3.967	1.788
4.000	1.787
4.033	1.787
4.067	1.787
4.100	1.787
4.133	1.785
4.167	1.785
4.200	1.785
4.233	1.785
4.267	1.784
4.300	1.784
4.333	1.784
4.367	1.783
4.400	1.783
4.433	1.782
4.467	1.782
4.500	1.781
4.533	1.781
4.567	1.780
4.600	1.780
4.633	1.779
4.667	1.778
4.700	1.778
4.733	1.777
4.767	1.777
4.800	1.776
4.833	1.775
4.867	1.775
4.900	1.774
4.933	1.774
4.967	1.774
5.000	1.773
5.033	1.772
5.067	1.772
5.100	1.771
5.133	1.771
5.167	1.770
5.200	1.769
5.233	1.768
5.267	1.769
5.300	1.767
5.333	1.767
5.367	1.766
5.400	1.766
5.433	1.764
5.467	1.764
5.500	1.763
5.533	1.762
5.567	1.762
5.600	1.761
5.633	1.761
5.667	1.760
5.700	1.759
5.733	1.759
5.767	1.758
5.800	1.757
5.833	1.756
5.867	1.756
5.900	1.756
5.933	1.754
5.967	1.754
6.000	1.752
6.033	1.753
6.067	1.751
6.100	1.751
6.133	1.749
6.167	1.749
6.200	1.748
6.233	1.748
6.267	1.746
6.300	1.746
6.333	1.745
6.367	1.744
6.400	1.743
6.433	1.743
6.467	1.741
6.500	1.741
6.533	1.740
6.567	1.739
6.600	1.739
6.633	1.738
6.667	1.738
6.700	1.736
6.733	1.736
6.767	1.735
6.800	1.734
6.833	1.733
6.867	1.733
6.900	1.732
6.933	1.730
6.967	1.729
7.000	1.728
7.033	1.728
7.067	1.727
7.100	1.726
7.133	1.726
7.167	1.725
7.200	1.724
7.233	1.723
7.267	1.722
7.300	1.721
7.333	1.720
7.367	1.719
7.400	1.718
7.433	1.718
7.467	1.717
7.500	1.716
7.533	1.714
7.567	1.713
7.600	1.713
7.633	1.712
7.667	1.710
7.700	1.710
7.733	1.709
7.767	1.708
7.800	1.706
7.833	1.705
7.867	1.704
7.900	1.703
7.933	1.702
7.967	1.701
8.000	1.700
8.033	1.699
8.067	1.698
8.100	1.697
8.133	1.696
8.167	1.695
8.200	1.694
8.233	1.693
8.267	1.692
8.300	1.691
8.333	1.690
8.367	1.688
8.400	1.688
8.433	1.686
8.467	1.685
8.500	1.685
8.533	1.683
8.567	1.682
8.600	1.680
8.633	1.680
8.667	1.678
8.700	1.677
8.733	1.676
8.767	1.675
8.800	1.674
8.833	1.673
8.867	1.672
8.900	1.670
8.933	1.669
8.967	1.668
9.000	1.667
9.033	1.666
9.067	1.665
9.100	1.663
9.133	1.661
9.167	1.661
9.200	1.660
9.233	1.659
9.267	1.658
9.300	1.656
9.333	1.655
9.367	1.654
9.400	1.653
9.433	1.651
9.467	1.650
9.500	1.649
9.533	1.648
9.567	1.646
9.600	1.645
9.633	1.644
9.667	1.642
9.700	1.640
9.733	1.640
9.767	1.639
9.800	1.637
9.833	1.635
9.867	1.635
9.900	1.633
9.933	1.632
9.967	1.630
10.000	1.629
10.033	1.628
10.067	1.627
10.100	1.625
10.133	1.624
10.167	1.622
10.200	1.622
10.233	1.620
10.267	1.619
10.300	1.617
10.333	1.616
10.367	1.614
10.400	1.614
10.433	1.612
10.467	1.611
10.500	1.609
10.533	1.608
10.567	1.606
10.600	1.605
10.633	1.604
10.667	1.603
10.700	1.601
10.733	1.599
10.767	1.598
10.800	1.596
10.833	1.596
10.867	1.594
10.900	1.593
10.933	1.591
10.967	1.589
11.000	1.588
11.033	1.586
11.067	1.585
11.100	1.583
11.133	1.583
11.167	1.581
11.200	1.580
11.233	1.578
11.267	1.577
11.300	1.575
11.333	1.573
11.367	1.572
11.400	1.570
11.433	1.569
11.467	1.567
11.500	1.566
11.533	1.564
11.567	1.563
11.600	1.560
11.633	1.558
11.667	1.557
11.700	1.555
11.733	1.554
11.767	1.552
11.800	1.551
11.833	1.549
11.867	1.547
11.900	1.546
11.933	1.544
11.966	1.543
12.000	1.541
12.033	1.540
12.066	1.538
12.100	1.537
12.133	1.535
12.166	1.534
12.200	1.532
12.233	1.530
12.266	1.529
12.300	1.527
12.333	1.525
12.366	1.524
12.400	1.522
12.433	1.520
12.466	1.519
12.500	1.517
12.533	1.516
12.566	1.514
12.600	1.512
12.633	1.511
12.666	1.509
12.700	1.507
12.733	1.506
12.766	1.504
12.800	1.502
12.833	1.501
12.866	1.499
12.900	1.498
12.933	1.496
12.966	1.494
13.000	1.493
13.033	1.491
13.066	1.489
13.100	1.488
13.133	1.486
13.166	1.485
13.200	1.483
13.233	1.481
13.266	1.480
13.300	1.478
13.333	1.476
13.366	1.475
13.400	1.473
13.433	1.471
13.466	1.469
13.500	1.468
13.533	1.466
13.566	1.465
13.600	1.463
13.633	1.461
13.666	1.460
13.700	1.458
13.733	1.456
13.766	1.455
13.800	1.453
13.833	1.451
13.866	1.450
13.900	1.448
13.933	1.446
13.966	1.444
14.000	1.442
14.033	1.440
14.066	1.438
14.100	1.437
14.133	1.435
14.166	1.434
14.200	1.432
14.233	1.430
14.266	1.428
14.300	1.426
14.333	1.425
14.366	1.423
14.400	1.420
14.433	1.419
14.466	1.417
14.500	1.415
14.533	1.414
14.566	1.412
14.600	1.410
14.633	1.408
14.666	1.406
14.700	1.404
14.733	1.402
14.766	1.400
14.800	1.399
14.833	1.397
14.866	1.395
14.900	1.394
14.933	1.391
14.966	1.389
15.000	1.387
15.033	1.385
15.066	1.384
15.100	1.382
15.133	1.381
15.166	1.379
15.200	1.376
15.233	1.374
15.266	1.373
15.300	1.371
15.333	1.369
15.366	1.367
15.400	1.364
15.433	1.363
15.466	1.361
15.500	1.359
15.533	1.358
15.566	1.356
15.600	1.354
15.633	1.351
15.666	1.350
15.700	1.348
15.733	1.346
15.766	1.343
15.800	1.341
15.833	1.340
15.866	1.338
15.900	1.337
15.933	1.333
15.966	1.332
16.000	1.330
16.033	1.328
16.066	1.325
16.100	1.323
16.133	1.322
16.166	1.320
16.200	1.317
16.233	1.315
16.266	1.314
16.300	1.312
16.333	1.309
16.366	1.307
16.400	1.305
16.433	1.303
16.466	1.301
16.500	1.299
16.533	1.297
16.566	1.296
16.600	1.293
16.633	1.291
16.666	1.289
16.700	1.287
16.733	1.285
16.766	1.283
16.800	1.281
16.833	1.279
16.866	1.278
16.900	1.275
16.933	1.273
16.966	1.271
17.000	1.270
17.033	1.267
17.066	1.265
17.100	1.263
17.133	1.262
17.166	1.258
17.200	1.257
17.233	1.255
17.266	1.252
17.300	1.250
17.333	1.249
17.366	1.247
17.400	1.244
17.433	1.242
17.466	1.240
17.500	1.237
17.533	1.235
17.566	1.234
17.600	1.230
17.633	1.229
17.666	1.226
17.700	1.224
17.733	1.222
17.766	1.220
17.800	1.218
17.833	1.216
17.866	1.214
17.900	1.211
17.933	1.209
17.966	1.208
18.000	1.205
18.033	1.203
18.066	1.201
18.100	1.199
18.133	1.196
18.166	1.195
18.200	1.193
18.233	1.191
18.266	1.188
18.300	1.186
18.333	1.184
18.366	1.182
18.400	1.180
18.433	1.177
18.466	1.175
18.500	1.173
18.533	1.171
18.566	1.169
18.600	1.167
18.633	1.165
18.666	1.162
18.700	1.160
18.733	1.159
18.766	1.156
18.800	1.154
18.833	1.151
18.866	1.149
18.900	1.146
18.933	1.144
18.966	1.143
19.000	1.140
19.033	1.138
19.066	1.135
19.100	1.133
19.133	1.131
19.166	1.128
19.200	1.126
19.233	1.123
19.266	1.121
19.300	1.119
19.333	1.117
19.366	1.115
19.400	1.113
19.433	1.110
19.466	1.108
19.500	1.105
19.533	1.103
19.566	1.100
19.600	1.098
19.633	1.097
19.666	1.094
19.700	1.092
19.733	1.089
19.766	1.087
19.800	1.085
19.833	1.082
19.866	1.081
19.900	1.079
19.933	1.076
19.966	1.074
20.000	1.074
20.033	1.069
20.066	1.069
20.100	1.067
20.133	1.064
20.166	1.063
20.200	1.059
20.233	1.058
20.266	1.056
20.300	1.054
20.333	1.051
20.366	1.048
20.400	1.046
20.433	1.043
20.466	1.041
20.500	1.040
20.533	1.036
20.566	1.035
20.600	1.032
20.633	1.030
20.666	1.027
20.700	1.024
20.733	1.022
20.766	1.019
20.800	1.017
20.833	1.014
20.866	1.012
20.900	1.009
20.933	1.007
20.966	1.005
21.000	1.002
21.033	0.999
21.066	0.997
21.100	0.994
21.133	0.992
21.166	0.989
21.200	0.988
21.233	0.985
21.266	0.983
21.300	0.980
21.333	0.978
21.366	0.976
21.400	0.973
21.433	0.971
21.466	0.968
21.500	0.966
21.533	0.965
21.566	0.961
21.600	0.960
21.633	0.957
21.666	0.955
21.700	0.953
21.733	0.950
21.766	0.948
21.800	0.946
21.833	0.944
21.866	0.942
21.900	0.939
21.933	0.937
21.966	0.935
22.000	0.932
22.033	0.930
22.066	0.927
22.100	0.925
22.133	0.922
22.166	0.920
22.200	0.918
22.233	0.916
22.266	0.913
22.300	0.911
22.333	0.908
22.366	0.906
22.400	0.903
22.433	0.901
22.466	0.898
22.500	0.893
22.533	0.891
22.566	0.888
22.600	0.888
22.633	0.885
22.666	0.880
22.700	0.878
22.733	0.875
22.766	0.872
22.800	0.870
22.833	0.867
22.866	0.867
22.900	0.864
22.933	0.860
22.966	0.859
23.000	0.854
23.033	0.852
23.066	0.849
23.100	0.845
23.133	0.844
23.166	0.841
23.200	0.839
23.233	0.836
23.266	0.834
23.300	0.829
23.333	0.829
23.366	0.828
23.400	0.825
23.433	0.821
23.466	0.820
23.500	0.816
23.533	0.815
23.566	0.813
23.600	0.810
23.633	0.807
23.666	0.805
23.700	0.802
23.733	0.800
