50.00	4.64 44.80
100.00	4.32 41.60
250.00	4.16 40.00
500.00	4.00 40.00
1000.00	4.00 40.00
2000.00	4.00 40.00
4000.00	4.00 40.00
6000.00	4.00 39.20
8000.00	4.00 37.60
10000.00 4.00	35.20
12000.00 3.92	32.80
14000.00 3.84	30.40
16000.00	3.84	28.80
18000.00	3.84	25.60
20000.00	3.84	24.00
22000.00	3.76	22.40
24000.00	3.68	20.80
26000.00	3.68	20.00
28000.00	3.68	18.40
30000.00	3.68	17.60
32000.00	3.68	16.00
34000.00	3.68	16.00
36000.00	3.68	14.80
38000.00	3.68	14.40
40000.00	3.68	12.80
42000.00	3.68	12.80
44000.00	3.68	12.80
46000.00	3.68	12.00
48000.00	3.68	11.20
50000.00	3.68	11.20
52000.00	3.68	10.40
54000.00	3.68	10.40
56000.00	3.68	9.60
58000.00	3.68	9.60
60000.00	3.68	9.60
62000.00	3.84	8.80
64000.00	3.68	8.80
66000.00	3.68	8.00